25
0 2424 2331 5856 2855 2602 2519 3578 3637 2238 5185 4610 5941 4817 1937 4813 1970 3362 3427 2961 6437 1588 3976 1793 4052
2424 0 2825 6350 3349 3096 3013 1348 4131 2732 2955 5104 6435 5311 2431 2583 1270 1132 1197 731 6931 2082 1746 927 1822
2331 2825 0 5389 2388 2135 2052 3979 3170 1771 5586 4143 5474 4350 1470 5214 2371 3763 3828 3362 5970 1761 4377 2194 4453
5856 6350 5389 0 3993 4424 5153 7504 3351 4424 9111 3172 1027 1391 4873 8739 5896 7288 7353 6887 803 5286 7902 5719 7978
2855 3349 2388 3993 0 1423 2152 4503 1774 1423 6110 2747 4078 2954 1872 5738 2895 4287 4352 3886 4574 2285 4901 2718 4977
2602 3096 2135 4424 1423 0 1899 4250 2205 1170 5857 3178 4509 3385 1619 5485 2642 4034 4099 3633 5005 2032 4648 2465 4724
2519 3013 2052 5153 2152 1899 0 4167 2934 1535 5774 3907 5238 4114 1536 5402 2559 3951 4016 3550 5734 1949 4565 2382 4641
3578 1348 3979 7504 4503 4250 4167 0 5285 3886 2309 6258 7589 6465 3585 1937 2424 1616 1873 1589 8085 3236 1100 2081 1352
3637 4131 3170 3351 1774 2205 2934 5285 0 2205 6892 2105 3436 2312 2654 6520 3677 5069 5134 4668 3932 3067 5683 3500 5759
2238 2732 1771 4424 1423 1170 1535 3886 2205 0 5493 3178 4509 3385 1255 5121 2278 3670 3735 3269 5005 1668 4284 2101 4360
5185 2955 5586 9111 6110 5857 5774 2309 6892 5493 0 7865 9196 8072 5192 1270 4031 3223 3480 3196 9692 4843 1813 3688 2959
4610 5104 4143 3172 2747 3178 3907 6258 2105 3178 7865 0 3257 2133 3627 7493 4650 6042 6107 5641 3753 4040 6656 4473 6732
5941 6435 5474 1027 4078 4509 5238 7589 3436 4509 9196 3257 0 1476 4958 8824 5981 7373 7438 6972 1608 5371 7987 5804 8063
4817 5311 4350 1391 2954 3385 4114 6465 2312 3385 8072 2133 1476 0 3834 7700 4857 6249 6314 5848 1972 4247 6863 4680 6939
1937 2431 1470 4873 1872 1619 1536 3585 2654 1255 5192 3627 4958 3834 0 4820 1977 3369 3434 2968 5454 1367 3983 1800 4059
4813 2583 5214 8739 5738 5485 5402 1937 6520 5121 1270 7493 8824 7700 4820 0 3659 2851 3108 2824 9320 4471 1441 3316 2587
1970 1270 2371 5896 2895 2642 2559 2424 3677 2278 4031 4650 5981 4857 1977 3659 0 2208 2273 1807 6477 1628 2822 639 2898
3362 1132 3763 7288 4287 4034 3951 1616 5069 3670 3223 6042 7373 6249 3369 2851 2208 0 1657 1373 7869 3020 2014 1865 2090
3427 1197 3828 7353 4352 4099 4016 1873 5134 3735 3480 6107 7438 6314 3434 3108 2273 1657 0 1438 7934 3085 2271 1930 2347
2961 731 3362 6887 3886 3633 3550 1589 4668 3269 3196 5641 6972 5848 2968 2824 1807 1373 1438 0 7468 2619 1987 1464 2063
6437 6931 5970 803 4574 5005 5734 8085 3932 5005 9692 3753 1608 1972 5454 9320 6477 7869 7934 7468 0 5867 8483 6300 8559
1588 2082 1761 5286 2285 2032 1949 3236 3067 1668 4843 4040 5371 4247 1367 4471 1628 3020 3085 2619 5867 0 3634 1451 3710
3976 1746 4377 7902 4901 4648 4565 1100 5683 4284 1813 6656 7987 6863 3983 1441 2822 2014 2271 1987 8483 3634 0 2479 1750
1793 927 2194 5719 2718 2465 2382 2081 3500 2101 3688 4473 5804 4680 1800 3316 639 1865 1930 1464 6300 1451 2479 0 2555
4052 1822 4453 7978 4977 4724 4641 1352 5759 4360 2959 6732 8063 6939 4059 2587 2898 2090 2347 2063 8559 3710 1750 2555 0